1606.06565
1709.06560
1801.01290
1806.08295
2002.06305
2103.03098
2107.03374
2108.13264
2202.03286
2203.02155
2206.08896
2209.13085
2210.10760
2305.11206
2306.10882
2310.04363
2402.14992
2405.19026
2406.10229
2410.20147
2411.00640
2412.01951
2412.02968
2503.14476
2504.07086
2504.13837
2505.22617
2505.24864
2506.10947
2507.14843
2509.02534
2509.04784
2509.07430
2509.26114
2509.26209
2510.01171
2510.06557
2510.20817
2602.08281
2605.07689
2605.11461
2605.21125
2605.29190
2605.30315
2606.15455
2607.13394
2607.20543
